sensor	cycle	0	1	2	3	4	5	6	7	8	9	10	11	12	13	14	15	16	17	18	19	20	21	22	23	24	25	26	27	28	29	30	31	32	33	34	35	36	37	38	39	40	41	42	43	44	45	46	47	48	49	50	51	52	53	54	55	56	57	58	59	60	61	62	63	64	65	66	67	68	69	70	71	72	73	74	75	76	77	78	79	80	81	82	83	84	85	86	87	88	89	90	91	92	93	94	95	96	97	98	99	100	101	102	103	104	105	106	107	108	109	110	111	112	113	114	115	116	117	118	119	120	121	122	123	124	125	126	127	128	129	130	131	132	133	134	135	136	137	138	139	140	141	142	143	144	145	146	147	148	149	150	151	152	153	154	155	156	157	158	159	160	161	162	163	164	165	166	167	168	169	170	171	172	173	174	175	176	177	178	179	180	181	182	183	184	185	186	187	188	189	190	191	192	193	194	195	196	197	198	199
PS1	1787	156.6633333333333	172.5033333333333	188.02300000000002	191.33999999999997	191.4813333333333	191.444	191.44300000000004	191.4056666666667	191.40833333333333	191.45	191.40633333333332	191.395	191.39066666666668	191.38799999999998	191.40900000000002	191.38400000000001	191.41899999999998	191.39499999999998	191.4523333333333	191.42466666666664	191.3763333333333	191.322	191.38666666666666	191.47799999999998	191.41466666666668	191.42166666666662	191.42766666666662	191.40233333333336	191.39666666666668	191.3566666666667	191.384	183.62333333333336	161.41433333333333	152.33800000000002	148.85233333333335	147.50533333333334	147.0716666666667	146.951	146.83100000000002	146.77466666666666	146.79500000000002	146.79533333333333	146.78266666666667	146.69500000000002	146.76566666666662	146.75033333333334	146.6726666666667	146.70633333333336	146.63233333333335	146.59233333333333	146.672	146.62966666666668	146.67966666666663	146.64733333333336	146.6883333333333	146.649	146.60266666666664	146.56933333333336	146.59733333333332	146.62466666666668	146.575	146.54633333333334	146.55533333333332	148.40266666666668	154.49266666666665	156.32066666666665	156.56600000000006	156.53066666666666	156.53566666666666	156.52800000000005	156.47366666666667	156.38799999999998	156.38900000000004	156.35600000000002	156.34566666666666	156.38366666666667	156.409	156.37533333333332	156.3523333333333	156.409	156.39266666666666	156.337	156.38866666666667	156.43233333333336	156.45	156.375	156.3963333333333	156.3559999999999	156.36533333333333	156.33366666666672	156.359	156.37366666666665	156.39233333333334	156.33299999999997	156.32800000000003	156.344	156.59	162.67700000000005	165.91466666666668	166.371	166.42099999999994	166.29999999999998	166.22699999999998	166.261	166.23833333333332	166.26866666666666	166.267	166.21799999999996	166.11566666666667	166.21066666666664	166.2236666666667	166.17833333333334	166.18466666666663	166.16600000000003	166.1123333333333	166.18566666666663	166.21933333333334	166.13233333333335	166.2193333333334	166.16899999999998	166.12666666666667	166.112	166.13833333333332	166.11933333333334	166.14333333333335	166.17233333333337	166.14666666666665	166.11633333333336	166.06900000000005	166.08366666666672	162.79233333333332	157.95266666666666	156.72333333333336	156.54533333333336	156.4466666666667	156.32666666666668	156.351	156.38000000000002	156.40633333333332	156.4	156.37699999999998	156.42433333333335	156.3966666666667	156.46500000000003	156.35466666666667	156.35533333333333	156.3006666666667	156.34133333333335	156.359	156.46	156.42599999999996	156.3896666666666	156.35833333333338	156.45166666666665	156.36066666666665	156.39866666666663	156.35133333333332	156.36800000000002	156.31100000000004	156.38566666666665	156.39533333333338	156.4486666666667	156.42200000000005	155.65633333333332	152.93866666666662	152.03299999999996	151.94866666666667	151.75766666666667	151.727	151.75666666666666	151.66500000000002	151.63733333333337	151.63933333333333	151.62333333333336	151.58400000000003	151.61866666666668	151.48333333333338	151.54633333333334	151.4753333333333	151.47266666666667	151.51600000000002	151.51966666666667	151.50433333333328	151.529	151.51666666666668	151.51566666666668	151.48299999999998	151.505	151.4546666666666	151.41833333333332	151.53833333333336	151.532	151.50466666666665	151.55833333333334	151.478	151.53833333333333	151.49133333333333	151.45099999999994	151.43866666666662	151.41866666666667
PS1	1788	156.63733333333332	172.44333333333336	188.0076666666666	191.39233333333334	191.44466666666665	191.4653333333334	191.46633333333335	191.40033333333335	191.4513333333333	191.47400000000002	191.39766666666662	191.39933333333332	191.4293333333333	191.41199999999998	191.39100000000005	191.44500000000005	191.44233333333335	191.43466666666666	191.4266666666667	191.42566666666664	191.40766666666664	191.42599999999996	191.424	191.374	191.36633333333336	191.3466666666667	191.39299999999994	191.3286666666667	191.3753333333334	191.4023333333333	191.4033333333333	183.67933333333332	161.57233333333335	152.38499999999996	148.81566666666666	147.52499999999998	146.986	146.73366666666664	146.7326666666667	146.6596666666667	146.64399999999998	146.67333333333332	146.6586666666667	146.58266666666665	146.56900000000002	146.542	146.62966666666668	146.55499999999998	146.56000000000003	146.60600000000002	146.56733333333335	146.50700000000003	146.51900000000003	146.54366666666672	146.56466666666668	146.5463333333333	146.50999999999996	146.56866666666667	146.55033333333333	146.56400000000002	146.5133333333333	146.50699999999998	146.51299999999995	148.32800000000003	154.5206666666667	156.25566666666666	156.467	156.4466666666667	156.50733333333332	156.47766666666666	156.49166666666667	156.41199999999998	156.3853333333333	156.46966666666665	156.4933333333333	156.45199999999997	156.50300000000004	156.46266666666665	156.39199999999997	156.43333333333334	156.43566666666666	156.4803333333333	156.41433333333333	156.36799999999997	156.44299999999996	156.34733333333335	156.357	156.37733333333333	156.3996666666667	156.35866666666666	156.38966666666667	156.41966666666667	156.359	156.37199999999999	156.34633333333335	156.3703333333334	156.62466666666666	162.8456666666667	165.87199999999999	166.38700000000003	166.41500000000002	166.312	166.3816666666667	166.32000000000002	166.26933333333332	166.42933333333332	166.27433333333332	166.23633333333336	166.1756666666667	166.25500000000002	166.21599999999998	166.20266666666663	166.212	166.1926666666667	166.1646666666667	166.20766666666668	166.2816666666667	166.25566666666663	166.21766666666664	166.2176666666666	166.204	166.19399999999996	166.2343333333333	166.17766666666665	166.21600000000004	166.191	166.1843333333333	166.13700000000003	166.10433333333333	166.15199999999996	162.6953333333333	157.82833333333335	156.73766666666663	156.63233333333335	156.51699999999994	156.55600000000004	156.52200000000002	156.41466666666665	156.45866666666672	156.44900000000004	156.47766666666664	156.41299999999998	156.42766666666665	156.4283333333333	156.3763333333333	156.3963333333333	156.32466666666667	156.39766666666668	156.42366666666666	156.36733333333333	156.38866666666667	156.34566666666666	156.36	156.35766666666666	156.30666666666667	156.3673333333333	156.3576666666667	156.33533333333332	156.34400000000002	156.32733333333334	156.26000000000002	156.29	156.30766666666665	155.6933333333333	153.06466666666668	152.15366666666668	151.869	151.75733333333332	151.70666666666665	151.71799999999996	151.6146666666667	151.56766666666667	151.62	151.611	151.57933333333332	151.55100000000002	151.54833333333335	151.568	151.59033333333335	151.46566666666664	151.57900000000004	151.57799999999997	151.57266666666666	151.60500000000002	151.53666666666666	151.4766666666666	151.48300000000003	151.54933333333335	151.50833333333333	151.47633333333332	151.49133333333333	151.51466666666667	151.47833333333338	151.5146666666666	151.43966666666665	151.42666666666668	151.44866666666667	151.44533333333337	151.46833333333333	151.5003333333333
PS1	1789	156.61066666666673	172.50499999999997	187.99799999999996	191.40133333333335	191.4946666666667	191.47799999999998	191.4449999999999	191.39766666666662	191.3726666666667	191.41466666666665	191.40400000000002	191.39166666666662	191.42266666666657	191.44099999999997	191.411	191.39533333333333	191.39266666666668	191.37133333333333	191.37133333333338	191.40833333333327	191.41866666666664	191.38966666666667	191.4586666666667	191.442	191.38666666666666	191.41066666666666	191.3683333333333	191.40466666666669	191.46	191.44733333333338	191.37400000000005	183.5276666666667	161.35133333333337	152.26966666666664	148.85166666666666	147.549	147.088	146.92633333333328	146.8096666666667	146.72133333333335	146.67833333333334	146.6906666666667	146.64266666666666	146.72066666666663	146.6126666666667	146.61733333333333	146.6183333333333	146.64233333333334	146.58	146.56933333333333	146.561	146.59300000000002	146.58466666666666	146.53900000000002	146.54200000000003	146.59133333333335	146.58833333333334	146.551	146.54366666666667	146.52599999999998	146.54500000000004	146.57700000000008	146.57133333333334	148.3243333333333	154.29533333333333	156.13933333333335	156.384	156.40033333333335	156.357	156.38899999999998	156.3806666666667	156.3783333333334	156.38766666666666	156.33933333333331	156.41133333333335	156.37533333333334	156.41966666666664	156.39899999999997	156.347	156.37766666666667	156.31133333333335	156.37666666666667	156.35599999999997	156.32466666666667	156.31800000000004	156.29233333333332	156.32333333333335	156.38633333333334	156.41666666666663	156.371	156.36433333333332	156.36766666666665	156.34600000000003	156.363	156.30533333333335	156.29466666666664	156.55566666666664	162.62366666666665	165.81866666666667	166.37866666666665	166.3716666666667	166.2363333333333	166.27999999999994	166.302	166.26166666666666	166.24733333333336	166.14866666666666	166.17099999999996	166.20799999999997	166.1996666666667	166.24433333333334	166.19899999999996	166.27566666666664	166.21	166.22733333333335	166.14400000000003	166.14333333333337	166.11966666666675	166.13166666666666	166.10166666666672	166.178	166.16033333333334	166.1603333333333	166.16733333333332	166.18400000000003	166.17033333333333	166.088	166.19266666666667	166.20666666666662	166.154	162.71766666666673	157.97466666666668	156.66899999999998	156.54333333333335	156.45833333333334	156.39333333333335	156.36299999999997	156.37666666666664	156.43899999999994	156.41666666666666	156.35266666666666	156.36700000000002	156.3573333333333	156.361	156.436	156.419	156.39833333333334	156.36600000000004	156.31300000000005	156.285	156.36166666666662	156.33666666666667	156.36233333333337	156.34633333333338	156.4056666666667	156.36299999999997	156.3843333333333	156.41133333333337	156.32900000000004	156.28500000000003	156.30066666666661	156.397	156.31133333333338	155.72733333333332	153.015	151.9213333333333	151.734	151.79166666666669	151.73766666666668	151.66199999999995	151.65366666666668	151.56199999999998	151.602	151.565	151.59466666666668	151.567	151.61100000000005	151.60399999999998	151.62666666666672	151.57133333333334	151.59433333333334	151.5386666666667	151.5806666666667	151.54	151.53900000000004	151.617	151.56533333333334	151.4993333333333	151.55800000000005	151.53633333333335	151.49766666666662	151.52033333333333	151.52866666666665	151.51166666666668	151.54733333333337	151.5246666666667	151.57400000000004	151.50666666666663	151.4896666666667	151.477
PS1	1790	156.61700000000002	172.4833333333333	188.01233333333337	191.39666666666668	191.49766666666665	191.432	191.4916666666667	191.41100000000003	191.45333333333335	191.44466666666665	191.34433333333337	191.46666666666664	191.429	191.42466666666667	191.43699999999998	191.449	191.36000000000004	191.36233333333334	191.33166666666673	191.41333333333333	191.45666666666665	191.42933333333335	191.31633333333332	191.38466666666665	191.4156666666667	191.37033333333335	191.36800000000002	191.38666666666668	191.34300000000002	191.406	191.36433333333338	183.45466666666664	161.374	152.2226666666667	148.84333333333336	147.5386666666667	147.0833333333334	146.87633333333335	146.81333333333333	146.80399999999997	146.712	146.68533333333335	146.67966666666663	146.65266666666668	146.63633333333334	146.63400000000001	146.66466666666665	146.65400000000002	146.63500000000005	146.59000000000006	146.56099999999998	146.62533333333332	146.5636666666667	146.55433333333337	146.61499999999998	146.56433333333334	146.54833333333337	146.59900000000005	146.507	146.55200000000002	146.48733333333334	146.53366666666665	146.52166666666668	148.38233333333338	154.46866666666668	156.07999999999998	156.34066666666666	156.3433333333333	156.30333333333337	156.374	156.46566666666664	156.41666666666666	156.38133333333332	156.362	156.35066666666668	156.406	156.42999999999998	156.36733333333333	156.41233333333335	156.38499999999996	156.41833333333338	156.35233333333332	156.4143333333333	156.35500000000002	156.34100000000004	156.35400000000007	156.2996666666667	156.2473333333334	156.2896666666667	156.3776666666667	156.30433333333335	156.329	156.392	156.31466666666668	156.31066666666672	156.32533333333333	156.59	162.73933333333335	165.8756666666667	166.3583333333333	166.32966666666667	166.2646666666666	166.3133333333334	166.27200000000002	166.268	166.33599999999998	166.2503333333333	166.19499999999996	166.26200000000003	166.23833333333332	166.1803333333333	166.14499999999998	166.18533333333332	166.13100000000003	166.12533333333332	166.11433333333338	166.1473333333333	166.13566666666668	166.15866666666668	166.22166666666666	166.142	166.27366666666668	166.15800000000002	166.17899999999997	166.1953333333333	166.21333333333334	166.16833333333335	166.13700000000003	166.13866666666672	166.13766666666672	162.95466666666667	158.13500000000005	156.76033333333336	156.41899999999995	156.41966666666664	156.46633333333332	156.4526666666667	156.4713333333333	156.45699999999997	156.49133333333333	156.49000000000004	156.46633333333332	156.44	156.44966666666667	156.45733333333334	156.42566666666664	156.398	156.4196666666667	156.34566666666666	156.40566666666663	156.4393333333333	156.45199999999997	156.3936666666667	156.35033333333334	156.3663333333333	156.42333333333335	156.33933333333331	156.2466666666667	156.37966666666668	156.3383333333333	156.352	156.33499999999998	156.31900000000002	155.69566666666663	153.02233333333334	151.9453333333333	151.78433333333336	151.71166666666664	151.67399999999998	151.65500000000003	151.68600000000004	151.68666666666664	151.605	151.56733333333335	151.57433333333336	151.624	151.5936666666667	151.51299999999998	151.49900000000005	151.52633333333335	151.51433333333338	151.475	151.48499999999996	151.45266666666666	151.44133333333338	151.44733333333338	151.4253333333333	151.42466666666664	151.45166666666668	151.43500000000003	151.43633333333335	151.49233333333333	151.52666666666667	151.43266666666668	151.39866666666663	151.48000000000002	151.46166666666664	151.44599999999997	151.42000000000002	151.46300000000002
PS1	1791	156.54366666666667	172.373	187.96733333333336	191.33499999999998	191.4633333333333	191.43533333333332	191.391	191.4083333333333	191.38699999999997	191.43633333333335	191.39666666666665	191.3836666666667	191.34233333333336	191.35599999999997	191.369	191.27966666666669	191.37566666666666	191.35800000000006	191.3416666666667	191.36333333333332	191.40300000000005	191.4346666666667	191.38566666666665	191.433	191.37199999999993	191.36733333333333	191.37	191.40099999999995	191.37	191.38266666666667	191.3826666666667	183.8113333333334	161.60066666666665	152.39533333333333	148.91099999999997	147.55666666666667	147.06033333333335	146.87800000000001	146.7423333333333	146.75900000000001	146.74433333333334	146.725	146.68400000000003	146.70366666666663	146.716	146.68666666666667	146.592	146.67099999999996	146.69466666666668	146.65333333333336	146.70566666666664	146.605	146.65166666666664	146.52866666666665	146.65066666666664	146.6316666666667	146.4903333333333	146.62	146.57533333333333	146.561	146.49633333333338	146.50733333333338	146.5683333333334	148.26433333333338	154.5	156.28199999999998	156.48766666666668	156.44733333333335	156.4286666666667	156.3953333333333	156.45666666666668	156.36400000000003	156.39799999999997	156.4006666666666	156.44900000000004	156.44966666666662	156.46266666666668	156.41466666666668	156.42466666666664	156.40133333333333	156.37599999999992	156.39666666666668	156.40299999999996	156.406	156.35066666666668	156.44133333333332	156.34966666666665	156.4223333333333	156.3726666666667	156.31366666666665	156.33333333333337	156.4043333333333	156.34866666666667	156.32600000000002	156.35766666666666	156.34900000000005	156.60833333333332	162.60199999999995	165.76833333333332	166.3723333333334	166.34400000000005	166.30900000000005	166.26266666666666	166.25766666666667	166.204	166.20166666666668	166.251	166.17366666666666	166.2393333333333	166.21466666666666	166.204	166.12733333333335	166.14366666666666	166.16133333333332	166.13633333333337	166.09333333333333	166.0983333333333	166.1036666666667	166.17133333333328	166.16566666666662	166.19966666666667	166.13400000000004	166.21300000000002	166.13566666666665	166.1866666666666	166.13666666666666	166.1513333333333	166.11866666666666	166.11733333333328	166.21033333333332	162.65466666666666	157.78933333333336	156.72666666666666	156.48166666666663	156.4553333333333	156.4046666666667	156.36933333333326	156.41933333333336	156.422	156.4426666666667	156.45700000000002	156.391	156.3786666666666	156.32266666666666	156.4043333333333	156.33600000000004	156.42733333333334	156.41899999999998	156.36533333333333	156.30566666666667	156.29700000000003	156.34000000000003	156.32433333333336	156.3423333333334	156.31533333333337	156.28700000000006	156.34699999999995	156.32466666666667	156.36233333333334	156.333	156.32233333333338	156.31033333333338	156.32633333333334	155.66466666666668	152.88600000000002	152.02900000000008	151.80966666666666	151.76999999999998	151.67133333333334	151.62266666666665	151.57600000000002	151.51933333333335	151.51000000000008	151.57933333333338	151.55866666666668	151.66433333333333	151.60366666666673	151.6293333333333	151.60466666666667	151.57366666666667	151.51366666666664	151.58533333333335	151.58800000000002	151.56433333333337	151.47666666666663	151.48866666666666	151.53266666666667	151.497	151.50566666666666	151.52633333333335	151.46366666666663	151.46533333333335	151.51199999999997	151.48766666666668	151.52000000000004	151.485	151.51866666666663	151.45833333333331	151.46833333333333	151.4683333333333
PS1	1792	156.59	172.46600000000004	188.01766666666668	191.41	191.4653333333333	191.38966666666667	191.43766666666667	191.4376666666667	191.37433333333334	191.4026666666667	191.46166666666664	191.447	191.3966666666666	191.46900000000008	191.3693333333334	191.34733333333335	191.28166666666664	191.4156666666667	191.40900000000002	191.38966666666664	191.38366666666664	191.42300000000003	191.42766666666662	191.40266666666668	191.4353333333333	191.366	191.38466666666667	191.32200000000006	191.42333333333332	191.412	191.35733333333334	183.0596666666667	161.07433333333333	152.18666666666667	148.78233333333336	147.54666666666668	147.01866666666666	146.84900000000002	146.75533333333334	146.70666666666662	146.675	146.68499999999997	146.651	146.6706666666667	146.71266666666668	146.64066666666673	146.65599999999998	146.60800000000003	146.61333333333337	146.602	146.549	146.5776666666667	146.57066666666665	146.6076666666667	146.6506666666667	146.59200000000004	146.64933333333332	146.56433333333337	146.502	146.54500000000002	146.59099999999998	146.50233333333333	146.56633333333335	148.4013333333333	154.532	156.23033333333333	156.47499999999997	156.395	156.40466666666666	156.36333333333332	156.36066666666667	156.375	156.36433333333332	156.36833333333334	156.38066666666663	156.38733333333332	156.454	156.43566666666666	156.4123333333333	156.45633333333336	156.39733333333334	156.36533333333333	156.37966666666665	156.44133333333332	156.41433333333333	156.453	156.35833333333332	156.3346666666667	156.33966666666666	156.3166666666667	156.377	156.29900000000004	156.30699999999993	156.2916666666667	156.30966666666666	156.36	156.63700000000003	162.6533333333333	165.79733333333337	166.25633333333334	166.18433333333329	166.23300000000003	166.23866666666672	166.252	166.241	166.201	166.24066666666667	166.23866666666666	166.13866666666667	166.16899999999995	166.19233333333332	166.19466666666668	166.16766666666666	166.245	166.1296666666667	166.14466666666664	166.18866666666662	166.18066666666667	166.11233333333334	166.09766666666667	166.09000000000003	166.15466666666666	166.16466666666665	166.15033333333332	166.1423333333333	166.06433333333334	166.129	166.14333333333337	166.13099999999997	166.17566666666667	162.80633333333333	157.9843333333333	156.79233333333332	156.52033333333333	156.41666666666663	156.4163333333333	156.3576666666667	156.35666666666665	156.38366666666664	156.31266666666667	156.26033333333334	156.43533333333335	156.33000000000004	156.36566666666664	156.40233333333333	156.3873333333333	156.40533333333332	156.42733333333328	156.41266666666667	156.39233333333334	156.35066666666668	156.33733333333333	156.371	156.391	156.3616666666667	156.3066666666667	156.30766666666665	156.30000000000007	156.25533333333334	156.30166666666668	156.36766666666668	156.24466666666666	156.34533333333334	155.6653333333333	152.94833333333332	152.046	151.83599999999998	151.71633333333332	151.66933333333333	151.66600000000003	151.68466666666666	151.63366666666664	151.6206666666667	151.5626666666667	151.54599999999996	151.575	151.52766666666668	151.53133333333335	151.51466666666664	151.49633333333335	151.4616666666666	151.48666666666665	151.48866666666663	151.50133333333335	151.43633333333335	151.46833333333336	151.4953333333333	151.48366666666666	151.4453333333333	151.42799999999997	151.40099999999998	151.39433333333332	151.42233333333334	151.4653333333333	151.4396666666666	151.42899999999997	151.46466666666666	151.44933333333336	151.44966666666667	151.3923333333333
PS1	1793	156.52599999999995	172.34433333333334	187.98900000000006	191.40500000000006	191.45433333333332	191.42199999999994	191.48033333333336	191.4236666666667	191.41799999999998	191.39766666666668	191.37399999999994	191.38600000000002	191.435	191.35366666666673	191.36766666666665	191.34333333333336	191.3526666666667	191.42733333333337	191.40933333333336	191.41066666666669	191.3466666666667	191.36000000000004	191.46066666666667	191.42933333333332	191.40266666666668	191.44199999999995	191.40633333333335	191.4143333333333	191.33366666666663	191.37766666666667	191.39266666666666	183.3603333333334	161.26699999999997	152.24366666666666	148.84566666666666	147.505	147.05766666666665	146.83333333333334	146.78600000000006	146.85433333333333	146.82733333333334	146.75233333333333	146.76533333333336	146.66666666666663	146.656	146.66233333333335	146.63933333333338	146.669	146.58666666666664	146.5623333333333	146.67233333333334	146.62633333333335	146.6146666666667	146.71699999999998	146.62900000000002	146.5786666666667	146.61333333333332	146.575	146.614	146.6073333333334	146.58800000000005	146.5676666666667	146.53266666666667	148.35666666666668	154.52599999999998	156.17133333333334	156.34433333333334	156.408	156.38166666666663	156.43466666666666	156.42733333333328	156.42799999999997	156.37133333333335	156.3923333333333	156.4413333333333	156.38933333333333	156.3826666666666	156.42233333333334	156.37399999999997	156.386	156.30366666666666	156.37533333333334	156.34633333333335	156.35666666666668	156.37766666666664	156.359	156.28066666666666	156.29833333333337	156.24433333333334	156.29133333333337	156.31433333333337	156.384	156.34266666666664	156.35800000000006	156.37066666666664	156.39366666666666	156.61100000000002	162.81099999999998	166.08933333333331	166.496	166.46966666666668	166.38200000000003	166.29899999999998	166.26933333333335	166.3643333333334	166.30166666666662	166.26599999999996	166.24300000000002	166.23833333333332	166.2443333333333	166.21966666666665	166.18100000000004	166.20333333333335	166.19599999999994	166.16266666666664	166.153	166.24533333333335	166.16333333333333	166.12199999999999	166.12399999999997	166.09733333333332	166.17066666666668	166.19633333333334	166.14600000000002	166.10266666666666	166.124	166.19199999999995	166.14933333333335	166.25633333333332	166.21466666666666	162.7353333333334	157.88166666666666	156.75499999999997	156.55033333333327	156.4966666666667	156.387	156.42799999999997	156.408	156.46300000000002	156.36533333333333	156.37266666666667	156.36966666666663	156.47333333333333	156.34900000000005	156.35799999999998	156.34200000000004	156.37666666666664	156.37333333333333	156.41366666666667	156.38566666666662	156.37833333333327	156.39533333333335	156.37500000000003	156.30600000000004	156.33266666666665	156.26700000000002	156.30433333333337	156.326	156.32033333333337	156.2576666666667	156.37800000000004	156.33300000000006	156.3	155.66099999999997	152.91633333333337	152.0603333333333	151.79933333333338	151.7866666666666	151.722	151.6963333333333	151.67300000000003	151.65	151.63666666666666	151.67333333333335	151.59900000000005	151.55300000000003	151.52633333333335	151.57366666666667	151.50733333333335	151.46566666666666	151.5313333333333	151.48566666666667	151.52966666666666	151.48033333333333	151.48099999999997	151.5366666666667	151.50433333333336	151.51733333333334	151.52599999999998	151.49266666666668	151.5773333333333	151.51000000000002	151.52866666666668	151.46766666666664	151.513	151.50199999999995	151.47299999999998	151.4543333333333	151.44166666666666	151.4613333333333
PS1	1794	156.53400000000002	172.40033333333332	187.99766666666667	191.43833333333336	191.5086666666667	191.41	191.40033333333332	191.368	191.4273333333334	191.4146666666667	191.45766666666663	191.44	191.42966666666663	191.35766666666672	191.38600000000002	191.3956666666667	191.41766666666666	191.38933333333327	191.41699999999997	191.41366666666673	191.36000000000004	191.38233333333332	191.3963333333334	191.43533333333332	191.4006666666667	191.39833333333334	191.41966666666673	191.44700000000003	191.4533333333333	191.375	191.332	183.739	161.64366666666672	152.367	148.79933333333335	147.53133333333332	147.07933333333332	146.84799999999998	146.75600000000003	146.6963333333333	146.66966666666667	146.65633333333335	146.6123333333334	146.62600000000003	146.67866666666666	146.59066666666666	146.59066666666666	146.57000000000002	146.56266666666667	146.57266666666672	146.58733333333333	146.58933333333334	146.60266666666666	146.55200000000005	146.5566666666667	146.56733333333335	146.546	146.57866666666666	146.53233333333338	146.5786666666667	146.587	146.645	146.50666666666666	148.28933333333333	154.36866666666666	156.15066666666672	156.38766666666663	156.39933333333332	156.354	156.34499999999997	156.42699999999996	156.38100000000003	156.3666666666667	156.35600000000002	156.37666666666664	156.37666666666664	156.37866666666662	156.35833333333338	156.4033333333333	156.43033333333332	156.47633333333334	156.4363333333333	156.35133333333337	156.4226666666667	156.4676666666667	156.42433333333335	156.34466666666668	156.38633333333334	156.326	156.27533333333335	156.33866666666665	156.30633333333333	156.2926666666667	156.27700000000004	156.31466666666665	156.3106666666667	156.612	162.71433333333334	165.953	166.389	166.3716666666667	166.31666666666666	166.29866666666663	166.26133333333334	166.33533333333332	166.27466666666663	166.2193333333333	166.16066666666666	166.227	166.18866666666665	166.19166666666666	166.22166666666666	166.1313333333333	166.1986666666666	166.23366666666666	166.1753333333333	166.16466666666662	166.13300000000007	166.16099999999997	166.13133333333334	166.10433333333333	166.10866666666664	166.14666666666668	166.143	166.08200000000002	166.1183333333333	166.15	166.163	166.09366666666668	166.10633333333337	162.73833333333332	157.869	156.6836666666667	156.5016666666667	156.378	156.36366666666666	156.51366666666664	156.39066666666668	156.41699999999994	156.40900000000002	156.40933333333334	156.45733333333334	156.38966666666664	156.39733333333336	156.441	156.37733333333333	156.42933333333337	156.39000000000001	156.33700000000002	156.38833333333332	156.4303333333333	156.45266666666663	156.3693333333333	156.32266666666666	156.3166666666667	156.39966666666672	156.34000000000006	156.33399999999997	156.30700000000004	156.32933333333338	156.3166666666667	156.31533333333334	156.31099999999998	155.66966666666664	152.97466666666665	151.95499999999998	151.70066666666668	151.69166666666663	151.6823333333333	151.68800000000002	151.70066666666662	151.70166666666665	151.65333333333334	151.534	151.6166666666667	151.58000000000004	151.57100000000003	151.53366666666665	151.56500000000003	151.54100000000005	151.52166666666662	151.47666666666672	151.4913333333334	151.49699999999999	151.49566666666666	151.58733333333333	151.52399999999997	151.45400000000004	151.49966666666666	151.48966666666666	151.4986666666667	151.48999999999998	151.42900000000003	151.42699999999996	151.44133333333335	151.40566666666666	151.436	151.48833333333334	151.44066666666666	151.49633333333335
PS1	1795	156.648	172.47766666666666	187.99933333333328	191.3943333333333	191.48633333333328	191.44366666666664	191.47599999999994	191.40499999999992	191.41633333333337	191.4096666666667	191.38966666666664	191.40599999999995	191.39933333333335	191.43466666666663	191.40866666666665	191.40733333333336	191.425	191.45066666666665	191.46899999999997	191.39533333333333	191.3783333333333	191.41833333333332	191.47833333333332	191.3973333333333	191.38233333333338	191.4486666666666	191.43033333333338	191.46266666666668	191.401	191.39	191.38433333333336	184.17566666666664	161.87033333333332	152.4463333333333	148.943	147.5196666666667	147.07566666666665	146.88933333333338	146.74666666666664	146.76766666666668	146.68666666666664	146.7633333333333	146.74199999999993	146.70499999999996	146.62566666666663	146.61633333333333	146.609	146.61666666666667	146.60566666666668	146.5666666666667	146.5683333333333	146.54533333333333	146.58599999999998	146.6273333333333	146.53900000000002	146.57000000000002	146.53300000000002	146.60566666666668	146.537	146.53333333333333	146.55166666666668	146.57533333333336	146.57166666666666	148.31933333333333	154.36366666666666	156.08333333333334	156.46033333333335	156.478	156.37033333333326	156.422	156.33366666666672	156.3943333333333	156.40233333333336	156.37066666666666	156.35466666666667	156.411	156.364	156.47966666666665	156.4173333333333	156.43300000000002	156.39399999999998	156.48166666666663	156.41100000000006	156.3633333333333	156.33733333333336	156.3016666666667	156.34999999999997	156.29066666666665	156.32000000000005	156.398	156.36200000000002	156.37299999999996	156.41066666666663	156.35033333333334	156.40233333333333	156.3273333333333	156.661	162.86433333333335	165.85600000000002	166.27066666666664	166.35033333333337	166.311	166.23433333333332	166.21666666666667	166.26233333333337	166.33333333333337	166.23199999999997	166.2216666666667	166.191	166.26433333333338	166.26900000000006	166.23066666666668	166.26699999999997	166.28099999999998	166.2316666666667	166.26733333333337	166.17800000000003	166.186	166.13299999999998	166.197	166.15733333333336	166.14833333333328	166.21066666666667	166.14633333333333	166.14033333333336	166.17999999999998	166.1573333333333	166.1626666666666	166.23166666666668	166.22533333333328	162.67566666666664	157.86833333333334	156.67200000000005	156.4486666666667	156.41699999999997	156.48300000000003	156.39133333333336	156.35233333333335	156.46933333333334	156.44999999999996	156.458	156.264	156.32266666666663	156.389	156.38866666666672	156.36566666666667	156.39399999999998	156.33399999999997	156.30833333333334	156.38433333333333	156.44733333333332	156.36966666666666	156.33766666666668	156.28033333333335	156.32999999999998	156.38266666666667	156.3153333333334	156.23100000000005	156.32566666666668	156.34233333333339	156.36866666666666	156.38299999999995	156.32433333333336	155.64266666666666	152.97866666666667	152.01800000000003	151.78033333333332	151.753	151.67900000000003	151.70199999999997	151.67166666666668	151.57066666666668	151.54966666666667	151.60033333333334	151.554	151.53766666666667	151.64900000000003	151.57433333333336	151.56833333333333	151.584	151.49399999999997	151.45600000000002	151.48233333333334	151.485	151.53299999999996	151.5406666666667	151.491	151.5223333333333	151.52966666666666	151.4753333333333	151.51766666666668	151.50966666666667	151.46433333333334	151.45433333333332	151.428	151.44366666666662	151.44799999999998	151.52299999999997	151.4363333333333	151.44
PS1	1796	156.585	172.35466666666665	187.96	191.40566666666666	191.4433333333333	191.35633333333334	191.36466666666666	191.4063333333333	191.3943333333333	191.39366666666675	191.39566666666667	191.4586666666667	191.46733333333333	191.407	191.39666666666668	191.44166666666666	191.3726666666667	191.39433333333332	191.43999999999994	191.4136666666667	191.4233333333333	191.38266666666667	191.44699999999997	191.40333333333336	191.44300000000004	191.3923333333333	191.42433333333332	191.41333333333338	191.47233333333332	191.3406666666667	191.4406666666667	183.79033333333336	161.55766666666668	152.30633333333333	148.93466666666666	147.61566666666667	147.17666666666668	146.9443333333333	146.79500000000002	146.752	146.67399999999998	146.75799999999998	146.70299999999997	146.7	146.64533333333338	146.68333333333334	146.62600000000003	146.63299999999998	146.58366666666663	146.61666666666667	146.70566666666667	146.59233333333333	146.63533333333334	146.654	146.618	146.58933333333331	146.5376666666667	146.55766666666668	146.58599999999998	146.5786666666667	146.59366666666665	146.63566666666668	146.6056666666667	148.307	154.513	156.21166666666664	156.36499999999995	156.44700000000003	156.41866666666667	156.44933333333336	156.41733333333332	156.44999999999996	156.44566666666663	156.43466666666666	156.41600000000003	156.3756666666667	156.3853333333333	156.39966666666666	156.33700000000002	156.34666666666666	156.45400000000004	156.37766666666664	156.39400000000003	156.38966666666667	156.45066666666665	156.44266666666667	156.41	156.36566666666667	156.3923333333333	156.38033333333337	156.33633333333333	156.36033333333327	156.368	156.34366666666665	156.38500000000002	156.34166666666664	156.58433333333326	162.62399999999997	165.84533333333337	166.40833333333336	166.38900000000007	166.31433333333334	166.3546666666667	166.34233333333339	166.33900000000003	166.24833333333333	166.22633333333334	166.18800000000002	166.16433333333327	166.17566666666664	166.13400000000001	166.20833333333334	166.16733333333332	166.21300000000002	166.18433333333329	166.1726666666667	166.19366666666667	166.14933333333332	166.23100000000005	166.22466666666668	166.21766666666662	166.17033333333336	166.20499999999998	166.21066666666673	166.22166666666666	166.2043333333333	166.17000000000002	166.25033333333332	166.225	166.12333333333333	162.64433333333332	157.83466666666666	156.7523333333333	156.51199999999997	156.51600000000005	156.47633333333334	156.46966666666668	156.5026666666667	156.46800000000002	156.48133333333337	156.49933333333334	156.5476666666667	156.44566666666665	156.45633333333328	156.42799999999997	156.3256666666667	156.3626666666667	156.4016666666667	156.37733333333333	156.40399999999997	156.4123333333333	156.42499999999998	156.37400000000005	156.3196666666667	156.37866666666665	156.39766666666665	156.38966666666673	156.30266666666665	156.33433333333335	156.38099999999997	156.29466666666667	156.3563333333333	156.37299999999996	155.70266666666672	153.02266666666665	152.00633333333334	151.8803333333334	151.785	151.6886666666667	151.72466666666668	151.66466666666668	151.61066666666673	151.65966666666665	151.60866666666664	151.48066666666665	151.57100000000005	151.48100000000005	151.54533333333333	151.523	151.443	151.52200000000002	151.53666666666672	151.54600000000002	151.506	151.54533333333336	151.53266666666667	151.48633333333336	151.50133333333335	151.49033333333327	151.46533333333326	151.42166666666668	151.44899999999998	151.464	151.49599999999998	151.47633333333334	151.52	151.4593333333333	151.4343333333333	151.43866666666665	151.45133333333334
EPS1	1787	2413.6133333333323	2500.8199999999993	2733.066666666666	2900.4666666666662	2942.7666666666655	2943.433333333333	2947.3466666666686	2946.4400000000014	2948.2533333333336	2948.406666666668	2949.5266666666666	2948.7266666666665	2949.733333333335	2949.806666666668	2951.5	2950.4600000000005	2950.3400000000015	2950.4666666666676	2951.5333333333338	2951.666666666667	2952.7266666666683	2951.8933333333343	2952.520000000001	2952.2933333333344	2953.0799999999995	2954.200000000001	2952.6400000000003	2953.733333333335	2951.833333333333	2955.4933333333347	2952.5866666666684	2957.3266666666655	2797.0733333333333	2538.506666666667	2416.853333333333	2378.0533333333337	2357.1666666666665	2352.7066666666665	2350.1066666666666	2347.3466666666664	2347.193333333334	2345.913333333333	2346.5933333333346	2345.1000000000013	2344.466666666667	2344.466666666668	2343.7133333333327	2344.673333333333	2342.0199999999995	2343.0733333333346	2342.933333333333	2342.9599999999996	2342.466666666667	2341.306666666666	2342.299999999999	2342.326666666667	2341.8400000000015	2341.8000000000015	2341.8000000000015	2340.506666666668	2340.993333333333	2340.9666666666667	2340.9733333333334	2340.4266666666676	2385.140000000001	2451.04	2472.3066666666678	2475.6933333333336	2476.140000000001	2476.093333333333	2475.0999999999995	2475.1333333333346	2475.506666666667	2475.4266666666667	2473.3666666666672	2476.6999999999994	2474.500000000001	2475.6	2475.593333333333	2475.180000000001	2476.4133333333343	2475.3866666666663	2475.733333333335	2476.8933333333334	2473.9399999999996	2476.2400000000002	2476.1666666666674	2475.06	2476.140000000001	2476.126666666666	2475.0666666666666	2477.366666666667	2475.6066666666666	2477.986666666666	2475.3666666666672	2475.3399999999992	2477.466666666667	2490.793333333333	2573.3000000000006	2608.54	2614.819999999999	2614.9733333333347	2613.260000000001	2613.24	2613.733333333335	2613.6800000000007	2612.466666666668	2613.5733333333337	2614.1933333333336	2614.4266666666676	2612.04	2613.193333333335	2613.8333333333344	2612.6066666666666	2613.040000000001	2611.926666666668	2613.0200000000013	2612.96	2612.466666666668	2613.5333333333333	2611.900000000001	2613.9999999999995	2611.3666666666677	2612.4400000000014	2613.5466666666666	2611.3399999999997	2613.406666666667	2613.486666666666	2611.3466666666673	2613.5666666666666	2606.666666666667	2552.9266666666663	2495.206666666667	2483.2799999999997	2480.666666666667	2477.986666666666	2477.133333333333	2477.2000000000016	2477.8266666666677	2477.066666666668	2476.5733333333337	2477.1600000000017	2476.04	2476.0	2477.253333333334	2477.1466666666665	2476.0	2474.74	2475.733333333335	2476.9266666666667	2474.6733333333336	2478.053333333333	2475.1866666666665	2476.1733333333336	2475.6	2476.7266666666665	2474.4733333333343	2475.6	2475.033333333333	2474.9666666666667	2475.6	2476.7266666666665	2475.086666666668	2475.020000000001	2460.2933333333335	2427.94	2416.7266666666674	2413.9333333333348	2412.480000000001	2411.2266666666683	2411.173333333334	2410.9666666666667	2409.7133333333327	2409.5533333333337	2409.6399999999994	2408.5333333333347	2410.100000000001	2408.9333333333334	2408.4333333333343	2407.3399999999992	2408.893333333333	2408.9	2408.466666666667	2407.306666666666	2408.9266666666663	2407.873333333335	2410.0666666666675	2407.7933333333344	2408.4133333333343	2407.2799999999997	2408.266666666666	2408.126666666666	2407.6399999999994	2408.726666666667	2407.1	2408.24	2408.1066666666675	2408.2200000000003	2407.6066666666666	2407.666666666666
EPS1	1788	2411.946666666668	2497.713333333333	2728.9266666666667	2898.1799999999994	2938.9933333333333	2944.5933333333323	2941.340000000001	2943.666666666667	2945.4266666666686	2945.5333333333338	2945.093333333333	2946.106666666668	2945.72	2947.020000000002	2948.6800000000017	2946.340000000001	2948.026666666666	2948.1733333333345	2947.6000000000004	2948.759999999999	2948.3333333333335	2950.693333333332	2949.1333333333346	2950.4666666666676	2950.339999999999	2949.326666666668	2952.040000000001	2948.733333333333	2951.493333333334	2950.533333333334	2952.100000000001	2950.4266666666676	2799.64	2537.7599999999998	2413.6933333333336	2375.7799999999997	2356.4333333333334	2350.3800000000015	2346.026666666667	2343.3733333333325	2344.299999999999	2342.0	2342.566666666667	2341.3399999999992	2341.0066666666676	2340.986666666666	2340.5000000000005	2340.446666666668	2341.5000000000005	2340.3599999999997	2340.433333333334	2340.406666666668	2340.393333333334	2341.566666666666	2340.433333333334	2339.3066666666664	2340.8666666666663	2339.8933333333343	2339.646666666666	2340.766666666667	2338.6200000000003	2340.766666666667	2340.2066666666674	2340.7733333333326	2380.96	2450.14	2473.6666666666665	2475.3	2473.793333333333	2477.5333333333333	2476.9733333333334	2477.0266666666666	2476.4066666666663	2475.233333333335	2476.933333333333	2477.04	2476.419999999999	2476.4800000000014	2477.2	2476.0666666666666	2477.133333333333	2477.1666666666683	2477.1066666666666	2477.0133333333347	2476.993333333333	2476.9666666666667	2477.033333333333	2475.833333333335	2477.54	2475.306666666666	2476.9266666666663	2475.7000000000016	2473.8733333333344	2475.0666666666666	2475.6533333333327	2474.2933333333335	2473.0999999999995	2488.1	2573.086666666667	2605.313333333333	2610.3066666666664	2611.506666666667	2610.4333333333348	2610.4666666666676	2610.273333333333	2610.1599999999994	2609.6666666666665	2612.026666666666	2609.906666666668	2609.9000000000015	2612.100000000001	2609.866666666668	2610.933333333333	2609.8000000000015	2610.4266666666676	2610.373333333335	2610.4266666666676	2610.373333333335	2609.8000000000015	2610.9266666666667	2609.0933333333346	2609.3733333333334	2611.433333333334	2609.193333333335	2610.4600000000014	2611.4400000000005	2608.733333333334	2609.866666666668	2610.306666666666	2609.193333333335	2604.6600000000003	2549.5400000000004	2489.9933333333333	2480.5733333333337	2477.346666666667	2475.8000000000015	2475.8000000000015	2475.706666666668	2474.0666666666666	2473.866666666668	2474.4266666666676	2474.373333333335	2473.8000000000015	2472.5733333333346	2474.1999999999994	2472.9933333333333	2471.6133333333332	2472.8599999999997	2474.7600000000016	2472.273333333333	2471.633333333333	2471.6066666666666	2472.733333333335	2472.7266666666665	2471.0999999999995	2473.3333333333335	2471.7	2471.5733333333333	2471.5666666666666	2472.7599999999998	2472.266666666665	2471.1333333333346	2472.0933333333337	2471.8666666666663	2454.8533333333335	2426.106666666667	2413.493333333333	2411.866666666668	2409.8466666666677	2407.3399999999992	2407.1333333333337	2406.9666666666667	2407.5999999999995	2404.093333333333	2407.9600000000014	2406.733333333333	2406.233333333332	2406.266666666667	2406.766666666668	2405.5733333333333	2405.626666666666	2405.6066666666666	2406.1666666666674	2406.093333333333	2405.1	2404.8933333333334	2406.0533333333337	2403.9400000000005	2406.8133333333326	2405.8000000000015	2405.8000000000015	2405.633333333333	2405.0333333333333	2405.1666666666683	2406.160000000001	2404.9333333333334	2405.126666666666	2402.673333333333	2406.0066666666676	2403.9266666666676
EPS1	1789	2410.146666666668	2493.4999999999995	2727.586666666667	2893.6733333333323	2934.1999999999994	2936.2000000000016	2937.5866666666675	2937.5133333333347	2936.9933333333333	2938.193333333335	2935.806666666666	2935.9333333333334	2935.733333333335	2936.960000000001	2934.5733333333346	2936.706666666665	2936.199999999998	2936.240000000001	2935.026666666666	2935.000000000001	2935.6333333333337	2936.679999999999	2936.5600000000018	2937.566666666667	2935.2866666666678	2936.073333333332	2937.5200000000023	2935.3	2937.5000000000005	2936.4733333333343	2938.339999999999	2940.933333333332	2781.7999999999997	2521.8799999999997	2406.673333333333	2365.4599999999996	2350.4933333333333	2344.7066666666665	2341.48	2340.9466666666663	2339.2933333333335	2339.3	2338.5400000000004	2338.413333333335	2338.453333333334	2338.4333333333348	2337.800000000001	2338.933333333333	2337.046666666667	2336.0266666666666	2338.040000000001	2338.1	2336.466666666667	2337.5999999999995	2337.093333333333	2338.0066666666667	2337.0600000000004	2338.460000000001	2336.513333333334	2337.626666666666	2337.0600000000004	2337.3333333333335	2338.3333333333335	2337.4000000000015	2380.1133333333332	2448.2066666666665	2469.5666666666675	2470.5266666666676	2473.2400000000002	2472.233333333334	2472.726666666665	2474.2266666666674	2472.4666666666676	2473.6	2472.9733333333334	2472.9933333333333	2474.1399999999985	2473.1333333333346	2474.193333333334	2472.9066666666668	2473.6600000000003	2473.5733333333333	2473.2400000000002	2473.1333333333346	2472.6333333333337	2473.740000000001	2472.406666666668	2472.5266666666676	2472.9666666666662	2474.0399999999995	2471.960000000001	2472.9333333333334	2473.066666666666	2473.0466666666675	2472.0666666666666	2472.0666666666666	2474.3333333333335	2487.5066666666667	2570.4133333333334	2603.006666666666	2609.946666666668	2609.3266666666664	2610.273333333335	2612.0799999999995	2609.4333333333343	2608.0533333333324	2609.4666666666667	2608.4666666666676	2608.9666666666662	2609.0000000000005	2610.393333333333	2609.1666666666683	2609.8000000000015	2609.833333333335	2610.546666666667	2608.306666666667	2609.0	2608.9933333333333	2608.4933333333342	2609.8000000000015	2609.233333333334	2610.2733333333335	2608.5200000000013	2609.6933333333345	2609.000000000001	2609.200000000001	2608.8733333333334	2609.1600000000017	2608.9666666666662	2609.0933333333346	2603.926666666667	2548.4	2492.6666666666665	2480.1466666666665	2475.3000000000006	2474.9066666666668	2473.333333333334	2474.086666666667	2472.1600000000003	2474.24	2471.919999999999	2473.0800000000013	2472.993333333333	2472.9666666666667	2473.033333333333	2471.860000000001	2472.9666666666662	2471.806666666668	2472.353333333333	2473.446666666667	2470.626666666668	2472.9266666666667	2473.006666666666	2471.866666666668	2472.306666666668	2472.466666666668	2472.353333333333	2474.5999999999995	2471.9400000000005	2472.1133333333332	2472.266666666668	2472.4333333333343	2472.4266666666676	2472.273333333335	2455.793333333333	2424.3400000000006	2411.526666666666	2408.74	2409.7933333333344	2409.740000000001	2407.3400000000006	2408.173333333333	2406.026666666667	2406.9333333333334	2406.4333333333343	2407.5066666666667	2405.9266666666676	2408.0733333333333	2407.0066666666667	2407.053333333333	2407.006666666666	2405.866666666668	2408.133333333334	2408.0333333333333	2404.7666666666673	2406.9733333333334	2407.6600000000008	2407.4333333333334	2406.440000000001	2405.240000000001	2408.6133333333346	2406.4266666666676	2406.2866666666664	2406.4333333333343	2406.3066666666678	2406.460000000001	2405.7600000000007	2406.3066666666664	2405.293333333334	2406.36
EPS1	1790	2409.7666666666673	2494.3199999999993	2728.1999999999994	2895.639999999999	2936.1333333333328	2937.066666666668	2936.426666666668	2937.826666666668	2937.2066666666674	2937.1600000000017	2936.04	2937.1400000000012	2937.2600000000007	2937.106666666668	2937.166666666667	2937.3266666666664	2937.766666666668	2938.8733333333344	2936.033333333334	2934.6666666666674	2936.673333333335	2936.7600000000007	2935.3266666666677	2936.4666666666676	2935.58	2936.666666666665	2934.5333333333347	2935.720000000001	2936.4800000000014	2936.573333333333	2935.2400000000002	2939.993333333332	2782.1933333333336	2523.94	2404.726666666667	2367.686666666667	2350.466666666667	2344.733333333333	2342.98	2340.5733333333333	2340.0	2339.926666666668	2339.7533333333345	2338.733333333333	2340.8666666666663	2337.44	2339.433333333333	2339.5999999999995	2337.8333333333344	2338.9599999999996	2338.466666666667	2338.306666666666	2336.9733333333334	2339.3533333333335	2336.8000000000006	2337.806666666668	2338.366666666666	2337.1333333333346	2337.26	2337.2066666666665	2336.566666666667	2337.7933333333344	2336.473333333334	2338.106666666666	2381.233333333334	2449.566666666666	2467.8333333333335	2471.066666666668	2471.5666666666666	2472.9266666666667	2473.5733333333333	2472.4333333333348	2472.3666666666677	2474.786666666667	2471.173333333333	2473.366666666667	2472.2333333333318	2472.3000000000006	2474.0666666666675	2471.9000000000015	2474.100000000001	2471.8933333333343	2473.4733333333334	2473.6600000000003	2473.6	2471.2733333333326	2472.8999999999996	2472.96	2471.900000000001	2471.773333333335	2471.766666666668	2471.866666666668	2472.933333333333	2471.833333333335	2471.6533333333346	2472.9066666666668	2471.2400000000002	2486.7999999999997	2569.82	2602.6399999999994	2607.326666666667	2608.626666666666	2607.7599999999998	2609.006666666668	2608.4266666666676	2608.4400000000014	2608.933333333333	2608.9266666666667	2607.2400000000007	2609.5666666666666	2607.9266666666676	2608.7733333333335	2605.9333333333325	2607.1666666666683	2608.8666666666663	2607.7666666666682	2607.260000000001	2608.406666666668	2607.6466666666665	2606.373333333335	2607.0533333333346	2608.400000000001	2607.206666666667	2607.1000000000004	2607.6	2607.633333333333	2608.140000000001	2606.96	2605.900000000001	2606.9400000000005	2602.553333333332	2548.7400000000002	2492.726666666667	2475.44	2475.040000000001	2471.44	2472.8066666666664	2471.8933333333343	2473.5333333333333	2472.546666666668	2472.9533333333343	2471.8266666666677	2472.213333333333	2469.860000000001	2470.4933333333342	2469.313333333333	2469.44	2468.1866666666665	2469.4	2468.2666666666673	2468.7666666666682	2469.0133333333347	2468.666666666667	2469.7666666666682	2468.5666666666675	2468.460000000001	2468.366666666666	2468.326666666667	2468.946666666665	2467.8799999999997	2468.913333333333	2466.5400000000013	2468.8666666666663	2467.6000000000013	2451.06	2418.7200000000003	2408.08	2406.7066666666665	2404.6133333333337	2404.3866666666663	2403.2133333333336	2403.2266666666683	2403.0466666666675	2401.9933333333342	2404.266666666667	2403.1266666666684	2401.306666666667	2402.4333333333348	2401.8000000000015	2404.2266666666665	2401.48	2401.0333333333333	2400.9733333333334	2402.24	2400.520000000001	2401.533333333333	2400.466666666667	2401.633333333334	2400.6333333333337	2400.506666666668	2401.5599999999995	2400.4000000000015	2401.0266666666676	2402.366666666668	2400.666666666667	2400.64	2401.1333333333337	2401.0	2402.3333333333326	2401.193333333335
EPS1	1791	2403.6266666666675	2490.5866666666657	2722.0533333333337	2889.9799999999987	2929.1	2933.2999999999997	2931.0999999999995	2933.4600000000014	2931.273333333334	2933.5933333333346	2931.7133333333345	2931.5933333333346	2931.033333333333	2932.366666666668	2931.8000000000015	2930.706666666666	2932.8333333333335	2932.9933333333342	2931.240000000001	2932.0599999999986	2931.1333333333323	2933.366666666668	2931.3000000000006	2934.726666666665	2931.9066666666686	2933.946666666665	2931.8466666666686	2933.060000000001	2933.826666666668	2931.3466666666664	2933.0800000000004	2934.946666666668	2783.4	2523.1	2403.26	2365.686666666667	2346.4466666666663	2342.0	2340.08	2337.066666666666	2338.3333333333326	2334.806666666667	2338.2599999999993	2336.8999999999996	2336.4000000000005	2335.253333333334	2336.173333333333	2337.446666666667	2335.906666666668	2335.800000000001	2336.4266666666667	2337.633333333334	2334.6133333333337	2335.533333333333	2334.4666666666676	2335.813333333334	2335.2000000000003	2335.2533333333345	2334.38	2335.693333333333	2334.8799999999997	2334.5599999999995	2335.653333333334	2334.2066666666665	2378.9133333333343	2447.68	2467.9066666666677	2470.473333333334	2470.646666666668	2470.7066666666665	2469.18	2473.6666666666665	2471.2799999999997	2474.266666666666	2470.693333333334	2471.733333333335	2471.6133333333337	2472.82	2471.100000000001	2474.3799999999997	2473.0733333333337	2471.446666666668	2473.673333333333	2472.2666666666673	2471.906666666667	2473.753333333335	2470.5466666666675	2473.0133333333333	2472.9466666666663	2471.553333333333	2472.7733333333335	2470.4066666666677	2471.5600000000004	2471.353333333335	2471.6800000000007	2471.8399999999997	2471.1733333333336	2484.953333333333	2570.2600000000007	2601.4933333333324	2608.146666666666	2607.293333333335	2609.000000000001	2606.566666666668	2608.46	2608.5933333333332	2607.0200000000013	2607.1533333333336	2607.42	2606.4533333333334	2606.9733333333334	2605.866666666668	2607.56	2607.7599999999998	2606.3000000000006	2605.9800000000014	2608.2199999999993	2605.913333333335	2605.740000000001	2607.093333333335	2606.7266666666674	2608.5133333333347	2607.5533333333337	2607.3533333333335	2605.3800000000006	2606.5533333333346	2609.4533333333334	2605.44	2607.9333333333343	2606.093333333335	2603.8266666666664	2544.006666666666	2488.4066666666668	2477.093333333333	2474.713333333334	2473.1533333333336	2472.0	2473.0400000000013	2470.620000000001	2472.7066666666665	2471.6533333333336	2472.7400000000002	2472.0	2469.3799999999997	2471.046666666667	2471.093333333335	2470.0866666666675	2469.8533333333326	2470.9133333333334	2470.82	2469.8333333333344	2469.54	2470.093333333333	2471.233333333335	2470.213333333333	2470.3466666666664	2469.3666666666672	2470.373333333335	2470.48	2470.3799999999997	2471.5800000000004	2470.5733333333333	2470.6866666666674	2468.7999999999997	2452.92	2422.1466666666665	2409.3466666666664	2407.9333333333334	2405.213333333333	2405.96	2405.24	2404.953333333333	2403.8400000000015	2404.9666666666662	2403.173333333334	2406.2533333333336	2405.4400000000005	2404.2933333333344	2403.1666666666665	2404.0999999999995	2404.1866666666665	2404.3599999999997	2403.386666666667	2402.933333333334	2402.52	2402.366666666668	2404.266666666666	2403.086666666667	2402.6866666666674	2402.3933333333343	2403.2200000000007	2403.0133333333347	2402.8866666666663	2403.1533333333346	2402.4800000000005	2403.6599999999994	2402.8533333333335	2403.3600000000006	2403.3600000000006	2401.913333333335
EPS1	1792	2405.733333333333	2496.2666666666673	2723.873333333334	2892.446666666666	2933.919999999999	2934.2866666666673	2934.8399999999997	2937.473333333333	2933.9733333333334	2934.8399999999997	2936.4133333333343	2934.4533333333334	2935.946666666666	2935.2333333333345	2933.8133333333344	2933.7000000000003	2933.9533333333343	2935.273333333333	2933.7666666666687	2933.4866666666667	2933.260000000001	2935.2999999999997	2935.6333333333337	2932.7333333333327	2935.2199999999993	2934.6933333333354	2932.853333333333	2935.5266666666657	2932.5666666666684	2934.6733333333327	2934.086666666668	2933.8666666666672	2772.6133333333337	2516.626666666666	2402.206666666667	2365.386666666666	2345.746666666667	2340.5733333333337	2339.173333333333	2336.6666666666665	2337.773333333333	2336.3266666666677	2336.3133333333335	2337.1733333333327	2335.8733333333344	2335.746666666668	2336.346666666666	2336.2600000000016	2335.800000000001	2337.5533333333337	2334.56	2335.426666666666	2337.3533333333335	2335.9533333333343	2336.266666666666	2334.4800000000014	2336.5533333333337	2336.813333333333	2334.373333333334	2334.9400000000014	2335.3599999999997	2335.6199999999994	2337.18	2335.906666666667	2378.046666666667	2448.826666666667	2466.493333333334	2469.553333333333	2470.3333333333326	2469.200000000001	2472.0199999999995	2470.98	2469.7333333333345	2470.013333333332	2471.4733333333334	2470.1800000000007	2471.2200000000007	2470.640000000001	2472.680000000001	2470.2133333333345	2470.5933333333337	2472.833333333333	2469.8266666666673	2471.139999999999	2471.933333333334	2470.9200000000014	2471.6066666666675	2471.606666666666	2471.6733333333336	2471.686666666668	2471.453333333334	2470.8333333333335	2469.8000000000015	2470.9000000000015	2469.5733333333337	2471.760000000001	2471.7933333333344	2485.946666666667	2569.3533333333326	2601.9733333333334	2606.3733333333344	2606.1200000000013	2607.226666666665	2607.026666666668	2607.960000000001	2606.773333333333	2605.573333333334	2606.386666666667	2608.4666666666676	2607.740000000001	2607.0533333333337	2607.2333333333345	2606.500000000001	2608.1800000000007	2606.733333333334	2606.526666666668	2608.08	2609.566666666667	2605.2066666666665	2607.7933333333335	2606.56	2606.4066666666677	2606.786666666667	2607.1600000000003	2607.8000000000015	2606.4533333333334	2607.553333333334	2608.240000000001	2606.9733333333343	2606.979999999999	2603.306666666667	2545.273333333333	2491.6466666666665	2477.206666666666	2472.3	2472.546666666666	2471.860000000001	2471.4133333333352	2469.400000000001	2471.5266666666676	2469.860000000001	2470.9933333333324	2470.553333333334	2470.253333333335	2470.6800000000007	2470.486666666668	2470.953333333334	2471.146666666667	2470.8533333333335	2470.933333333333	2470.6133333333337	2470.413333333335	2471.5866666666666	2469.106666666668	2469.86	2471.7333333333345	2469.8733333333344	2469.8000000000015	2470.5466666666675	2470.1333333333346	2469.9200000000005	2468.7000000000016	2469.079999999999	2469.400000000001	2451.973333333334	2422.826666666667	2409.186666666667	2406.5133333333347	2405.1399999999994	2404.973333333333	2405.9133333333334	2404.919999999999	2403.8800000000015	2403.8000000000015	2402.9066666666677	2403.2066666666665	2402.7933333333335	2403.1999999999994	2402.7400000000002	2403.2066666666665	2401.9	2402.9333333333325	2404.786666666667	2402.506666666668	2403.54	2403.5999999999995	2402.8533333333335	2403.106666666666	2401.766666666668	2402.7599999999998	2402.3199999999997	2400.3733333333353	2402.793333333334	2402.1266666666675	2401.4266666666667	2401.993333333333	2401.5999999999995	2401.8133333333344	2401.8000000000015	2401.5666666666675
EPS1	1793	2402.3133333333335	2497.54	2720.9866666666667	2890.513333333332	2932.1066666666684	2936.3399999999992	2936.413333333331	2935.9933333333342	2935.6000000000004	2935.6600000000008	2936.3533333333335	2935.0599999999995	2936.686666666668	2934.8133333333335	2935.353333333332	2934.7266666666683	2932.993333333334	2934.6533333333336	2934.5000000000014	2935.6066666666666	2934.0333333333333	2934.466666666667	2933.7533333333345	2935.2600000000007	2934.8	2933.873333333334	2934.7133333333345	2936.126666666666	2933.8733333333344	2933.953333333334	2934.786666666667	2931.486666666668	2781.0199999999995	2520.44	2400.9066666666668	2364.3199999999997	2344.2266666666665	2340.7799999999993	2338.120000000001	2336.520000000001	2337.593333333333	2336.4000000000015	2335.1599999999994	2335.9466666666676	2334.86	2334.9866666666658	2335.4533333333334	2333.9066666666668	2335.8733333333334	2335.3199999999993	2335.426666666667	2334.973333333333	2332.6866666666665	2335.4533333333334	2333.4466666666663	2335.1866666666674	2333.666666666666	2334.946666666666	2333.806666666668	2333.740000000001	2334.7266666666665	2334.1400000000012	2334.54	2334.560000000001	2376.1200000000003	2445.146666666667	2466.12	2467.006666666668	2469.073333333334	2470.580000000001	2468.713333333334	2467.3266666666664	2468.720000000001	2468.253333333335	2469.0399999999995	2467.6800000000007	2468.786666666667	2468.4666666666676	2470.013333333334	2468.58	2468.413333333332	2468.2933333333326	2469.6600000000003	2469.7599999999998	2469.933333333333	2469.2333333333345	2469.2800000000007	2468.5466666666666	2468.9666666666667	2467.860000000001	2468.860000000001	2469.1333333333328	2465.713333333334	2468.8266666666664	2467.9799999999987	2469.913333333333	2468.6266666666675	2485.406666666667	2567.313333333333	2600.9133333333343	2608.4533333333334	2607.253333333333	2607.0333333333324	2606.873333333334	2607.666666666667	2606.173333333333	2606.42	2604.9533333333343	2607.6266666666675	2607.533333333334	2605.8000000000015	2606.7733333333326	2605.573333333334	2606.4400000000005	2606.7933333333335	2605.780000000001	2603.986666666667	2606.906666666667	2604.4466666666676	2605.6933333333345	2604.620000000001	2603.5400000000013	2605.506666666667	2606.793333333333	2606.4866666666658	2605.1933333333345	2605.6533333333336	2605.5933333333332	2605.6333333333337	2605.746666666668	2603.1399999999994	2543.3333333333335	2487.0133333333333	2475.773333333333	2475.0133333333333	2470.373333333334	2470.8066666666678	2470.4266666666667	2469.7466666666674	2470.7866666666664	2468.813333333334	2468.453333333334	2470.459999999999	2471.133333333334	2468.7933333333335	2468.766666666666	2466.6133333333337	2468.7400000000007	2468.4733333333324	2468.199999999999	2468.5933333333346	2469.226666666667	2468.6800000000003	2468.9999999999995	2468.666666666667	2466.94	2468.6600000000003	2467.0000000000014	2468.586666666668	2467.6	2469.299999999999	2467.253333333334	2466.726666666667	2469.0133333333342	2451.26	2421.3533333333335	2408.18	2405.9800000000005	2405.8000000000015	2405.5066666666676	2404.606666666667	2404.059999999999	2403.593333333333	2403.6599999999994	2402.733333333334	2401.9066666666677	2402.340000000001	2402.8666666666677	2401.686666666667	2400.993333333334	2401.7400000000007	2401.706666666666	2401.5999999999995	2402.313333333334	2399.6933333333336	2401.326666666666	2400.6200000000003	2401.899999999999	2401.6666666666674	2402.4666666666676	2402.826666666667	2401.18	2401.7	2403.4066666666677	2402.9733333333343	2399.4533333333334	2401.660000000001	2401.58	2400.7200000000003	2399.860000000001
EPS1	1794	2401.506666666667	2497.733333333334	2716.7400000000002	2890.8399999999992	2930.1533333333323	2933.5666666666666	2932.726666666667	2933.0	2932.6666666666683	2932.4066666666677	2932.786666666667	2931.746666666668	2931.793333333335	2931.7866666666678	2932.6000000000013	2930.7733333333335	2932.5600000000004	2930.94	2932.6600000000017	2933.400000000001	2931.860000000001	2932.633333333334	2934.060000000001	2932.180000000001	2931.806666666668	2932.0133333333342	2932.786666666667	2931.6066666666675	2933.360000000001	2932.6	2932.9333333333334	2930.7066666666665	2782.606666666666	2519.0066666666667	2401.7600000000007	2360.913333333333	2346.18	2337.566666666667	2335.6533333333336	2335.386666666666	2334.613333333334	2335.1866666666674	2333.6800000000007	2333.9466666666676	2334.4466666666663	2332.720000000001	2333.7133333333336	2334.7400000000007	2333.6599999999994	2333.953333333333	2334.713333333333	2332.9066666666677	2334.840000000001	2334.5799999999995	2333.9133333333334	2334.0066666666676	2332.9	2332.8199999999993	2334.5199999999995	2333.933333333333	2333.5999999999995	2332.0866666666657	2334.8666666666672	2334.2799999999997	2376.3399999999997	2444.1200000000003	2465.266666666667	2467.9066666666663	2468.6800000000003	2468.946666666666	2468.9266666666676	2469.680000000001	2469.6400000000003	2468.413333333335	2469.646666666667	2469.6733333333323	2470.2933333333335	2469.3733333333344	2469.606666666667	2469.6333333333323	2471.673333333333	2470.0599999999995	2470.6000000000004	2469.8333333333344	2470.5466666666666	2469.4133333333334	2469.746666666667	2471.480000000001	2467.8133333333344	2469.6266666666656	2469.7133333333336	2469.5933333333323	2469.6666666666674	2468.193333333333	2470.4133333333343	2468.706666666668	2470.7066666666674	2484.94	2567.479999999999	2600.1800000000007	2606.8133333333335	2606.6999999999994	2606.519999999999	2606.6799999999994	2608.466666666666	2606.4666666666685	2606.6066666666675	2606.533333333334	2606.7733333333335	2606.893333333333	2605.7400000000007	2607.059999999999	2605.8000000000015	2606.9399999999996	2606.7266666666674	2606.1333333333346	2605.6466666666674	2605.8733333333325	2607.3933333333334	2605.606666666666	2605.5933333333323	2606.8600000000006	2604.613333333334	2606.8800000000006	2606.613333333334	2604.94	2606.7800000000007	2606.9066666666677	2604.7866666666673	2606.6800000000007	2603.0333333333333	2544.0133333333333	2488.7066666666665	2476.446666666666	2472.6866666666665	2471.193333333334	2470.0066666666667	2471.466666666668	2469.9866666666667	2470.733333333332	2469.713333333334	2470.0666666666675	2469.866666666667	2469.5000000000014	2468.6733333333336	2469.266666666667	2470.56	2470.8266666666677	2471.7600000000007	2471.6199999999985	2473.6	2472.693333333334	2474.733333333334	2473.4733333333343	2473.26	2473.02	2472.919999999999	2473.413333333333	2472.9266666666676	2471.453333333334	2473.353333333334	2473.2400000000007	2470.8666666666677	2472.3533333333326	2455.4199999999996	2424.6133333333332	2412.0666666666666	2408.8466666666673	2408.466666666667	2408.1733333333345	2408.733333333333	2407.133333333334	2408.64	2407.54	2405.866666666667	2406.933333333333	2407.5999999999995	2404.7066666666674	2406.526666666666	2405.8733333333325	2405.6933333333345	2405.7866666666678	2406.7	2405.7133333333345	2404.786666666667	2405.8333333333326	2405.806666666666	2405.5266666666676	2406.726666666667	2405.26	2406.666666666667	2405.800000000001	2405.7400000000007	2404.4333333333343	2404.733333333334	2406.1400000000003	2405.653333333333	2405.8733333333325	2405.5999999999995	2405.6599999999994
EPS1	1795	2407.4133333333325	2504.206666666667	2721.7533333333336	2897.766666666666	2934.513333333335	2937.213333333334	2937.700000000001	2936.6000000000004	2936.773333333334	2936.3933333333343	2938.473333333335	2936.400000000001	2935.806666666666	2937.0800000000017	2936.8333333333344	2936.426666666667	2936.6333333333337	2937.213333333333	2939.293333333334	2936.373333333334	2936.7666666666682	2936.3333333333335	2936.666666666667	2937.133333333334	2935.7666666666682	2936.9666666666667	2935.6400000000012	2935.693333333333	2936.7266666666683	2936.3066666666678	2935.973333333334	2935.413333333333	2794.6400000000003	2526.3266666666664	2410.9	2364.986666666667	2350.9599999999996	2345.5266666666676	2342.0066666666667	2342.0	2341.04	2341.200000000001	2340.766666666667	2341.0066666666658	2338.8666666666677	2341.3466666666664	2339.813333333334	2337.9466666666663	2339.6066666666675	2338.393333333334	2340.1733333333336	2339.4666666666676	2339.800000000001	2338.073333333334	2338.5599999999995	2339.4000000000005	2339.4000000000005	2339.0133333333347	2339.666666666666	2338.613333333334	2338.733333333334	2338.9399999999996	2339.713333333333	2340.9800000000005	2381.1466666666665	2449.733333333333	2470.5666666666666	2474.6400000000012	2475.480000000001	2476.1733333333327	2474.553333333334	2473.920000000001	2475.306666666666	2475.486666666668	2474.42	2474.5933333333337	2476.033333333334	2477.6133333333337	2476.3533333333335	2475.620000000001	2476.613333333334	2474.6000000000004	2476.96	2477.273333333334	2475.4933333333333	2476.9399999999996	2474.0466666666666	2474.840000000001	2473.5466666666675	2475.0400000000004	2475.1799999999994	2476.1266666666656	2477.7466666666664	2474.873333333334	2474.773333333334	2475.3599999999997	2475.8000000000015	2492.7466666666674	2569.7933333333326	2604.773333333334	2612.3333333333335	2610.8999999999996	2611.7133333333327	2609.320000000001	2611.5000000000005	2612.0266666666657	2613.646666666667	2610.5333333333333	2612.526666666667	2610.813333333334	2611.8000000000015	2610.773333333333	2610.986666666668	2610.6000000000004	2612.4666666666667	2611.1866666666674	2610.9466666666663	2612.5333333333333	2608.9466666666676	2610.740000000001	2610.5866666666657	2608.613333333334	2610.7533333333336	2608.4266666666667	2608.986666666668	2609.740000000001	2609.8000000000015	2609.9866666666653	2609.6866666666665	2609.526666666668	2607.7799999999997	2545.5933333333332	2491.8066666666664	2479.266666666667	2476.9066666666668	2475.013333333334	2475.6266666666666	2475.226666666668	2474.786666666667	2475.2133333333327	2475.3333333333335	2473.8799999999997	2472.9266666666676	2474.1866666666674	2475.113333333333	2474.840000000001	2472.986666666668	2473.740000000001	2472.733333333334	2474.4066666666663	2473.9133333333334	2473.6466666666665	2474.4400000000005	2471.833333333334	2473.833333333333	2474.199999999999	2472.4400000000005	2475.4133333333334	2472.986666666668	2472.746666666667	2474.4733333333343	2471.0800000000004	2473.6	2473.633333333334	2457.0	2425.78	2414.0266666666676	2410.78	2410.813333333333	2408.6933333333336	2409.8000000000015	2408.213333333333	2407.960000000001	2408.126666666668	2407.6866666666665	2407.5266666666676	2407.8000000000015	2408.813333333334	2407.9800000000005	2408.073333333334	2408.693333333334	2406.0000000000005	2407.5666666666666	2406.7066666666674	2406.96	2408.0533333333346	2405.653333333333	2407.2333333333327	2407.48	2406.8466666666673	2407.486666666668	2405.8266666666677	2407.6866666666665	2406.1666666666683	2406.7866666666664	2406.8866666666654	2405.9133333333334	2406.8466666666673	2408.353333333334	2404.873333333334
EPS1	1796	2406.726666666667	2506.086666666667	2717.5066666666667	2898.1266666666675	2937.539999999999	2937.333333333334	2938.6666666666656	2938.7266666666665	2936.873333333334	2937.526666666668	2937.8000000000015	2937.3066666666678	2936.906666666668	2937.706666666666	2936.7533333333336	2937.2133333333336	2936.0	2935.826666666668	2937.7733333333317	2937.4266666666663	2936.8466666666677	2936.8866666666677	2938.5066666666676	2937.540000000001	2937.660000000001	2938.7800000000007	2938.8466666666677	2937.1400000000003	2939.660000000001	2937.5866666666657	2940.353333333335	2936.393333333334	2792.9933333333333	2520.4666666666667	2412.7599999999998	2368.173333333333	2352.7466666666664	2348.040000000001	2345.0533333333337	2342.6200000000003	2342.7866666666664	2341.9533333333343	2341.860000000001	2340.986666666667	2341.5333333333338	2340.9399999999996	2340.893333333334	2340.6600000000003	2340.7066666666674	2341.3866666666663	2341.5999999999995	2339.2000000000003	2340.553333333334	2340.0999999999995	2340.553333333334	2339.800000000001	2340.7866666666664	2339.2600000000007	2340.553333333334	2339.800000000001	2339.800000000001	2340.1866666666674	2340.613333333334	2342.3133333333326	2381.4266666666663	2451.8533333333344	2472.773333333333	2474.1999999999985	2476.493333333333	2473.666666666667	2475.366666666668	2474.1866666666674	2475.6	2476.860000000001	2474.553333333334	2475.8133333333326	2475.6266666666666	2474.446666666667	2477.7733333333326	2474.8533333333335	2475.6	2475.9866666666653	2477.573333333334	2477.1533333333327	2475.6266666666666	2476.4733333333343	2476.8533333333326	2476.186666666668	2474.613333333334	2475.3866666666668	2475.6	2475.153333333333	2475.833333333333	2473.7999999999997	2476.4133333333343	2476.5266666666657	2475.046666666668	2491.606666666666	2570.566666666666	2606.6933333333336	2612.5599999999995	2613.3800000000006	2611.6266666666666	2613.1733333333327	2611.6266666666666	2613.6000000000004	2612.0666666666675	2612.440000000001	2612.613333333334	2610.6000000000004	2611.8000000000015	2610.4266666666676	2611.6	2612.0266666666657	2612.613333333334	2610.6200000000003	2611.6	2612.973333333333	2612.786666666667	2612.400000000001	2612.613333333334	2611.740000000001	2611.860000000001	2610.8133333333335	2613.4	2611.4266666666663	2612.933333333333	2612.866666666666	2612.3799999999997	2611.586666666668	2610.640000000001	2546.3399999999997	2495.02	2481.1000000000004	2479.6066666666666	2477.0733333333337	2478.553333333334	2477.860000000001	2478.786666666667	2476.753333333334	2476.813333333333	2477.586666666668	2477.8000000000015	2477.3066666666678	2475.860000000001	2476.9999999999995	2477.7733333333326	2475.7800000000007	2474.9400000000005	2475.5399999999995	2475.706666666668	2477.6133333333346	2475.653333333333	2475.4733333333334	2476.6933333333336	2475.453333333334	2475.3	2476.4333333333343	2475.6466666666674	2474.8866666666668	2475.366666666668	2476.2600000000007	2474.786666666667	2474.739999999999	2458.626666666666	2426.88	2414.6533333333336	2413.200000000001	2413.046666666668	2411.726666666667	2410.986666666668	2410.213333333333	2410.986666666668	2410.6600000000003	2410.753333333333	2408.6266666666666	2409.860000000001	2408.5400000000004	2408.813333333333	2408.293333333334	2407.02	2408.993333333334	2407.860000000001	2408.186666666668	2408.553333333334	2409.446666666666	2409.5999999999995	2407.9733333333343	2408.5866666666666	2408.3066666666664	2408.553333333334	2408.0999999999995	2408.553333333334	2408.186666666668	2408.613333333334	2409.4466666666663	2409.54	2407.9066666666677	2406.6733333333336	2408.586666666668
